INPUT 1 :
Enter the length of array : 4
61
1
82
21

INPUT 2 :
Enter the length of array : 11
730
905
708
135
986
366
47
172
106
529
180

INPUT 3 (100 random numbers) :
Enter the length of array : 100
718
521
979
353
249
890
347
788
233
-88
720
958
658
-439
453
98
115
238
924
81
784
77
190
434
264
57
215
356
629
700
309
598
523
973
171
465
112
25
244
283
330
757
511
507
385
487
536
301
104
732
943
12
642
-933
790
403
622
0
394
161
583
602
130
786
867
197
613
837
765
862
721
909
905
906
567
50
159
545
991
819
331
444
364
822
562
935
874
871
850
615
71
311
367
483
-5
620
957
556
532
-685